  0.000000000000000E+000
   1570.79637500000     
   3141.59275000000     
   4712.38912500000     
   6283.18550000000     
   7853.98187500000     
   9424.77825000000     
   10995.5746250000     
   12566.3710000000     
   14137.1673750000     
   15707.9637500000     
   17278.7601250000     
   18849.5565000000     
   20420.3528750000     
   21991.1492500000     
   23561.9456250000     
   25132.7420000000     
   26703.5383750000     
   28274.3347500000     
   29845.1311250000     
   31415.9275000000     
   32986.7238750000     
   34557.5202500000     
   36128.3166250000     
   37699.1130000000     
   39269.9093750000     
   40840.7057500000     
   42411.5021250000     
   43982.2985000000     
   45553.0948750000     
   47123.8912500000     
   48694.6876250000     
   50265.4840000000     
   51836.2803750000     
   53407.0767500000     
   54977.8731250000     
   56548.6695000000     
   58119.4658750000     
   59690.2622499999     
   61261.0586249999     
   62831.8549999999     
   64402.6513749999     
   65973.4477499999     
   67544.2441250000     
   69115.0405000000     
   70685.8368750000     
   72256.6332500000     
   73827.4296250000     
   75398.2260000000     
   76969.0223750000     
   78539.8187500000     
   80110.6151250000     
   81681.4115000000     
   83252.2078750000     
   84823.0042500000     
   86393.8006250000     
   87964.5970000000     
   89535.3933750000     
   91106.1897500000     
   92676.9861250000     
   94247.7825000000     
   95818.5788750001     
   97389.3752500001     
   98960.1716250001     
   100530.968000000     
   102101.764375000     
   103672.560750000     
   105243.357125000     
   106814.153500000     
   108384.949875000     
   109955.746250000     
   111526.542625000     
   113097.339000000     
   114668.135375000     
   116238.931750000     
   117809.728125000     
   119380.524500000     
   120951.320875000     
   122522.117250000     
   124092.913625000     
   125663.710000000     
   127234.506375000     
   128805.302750000     
   130376.099125000     
   131946.895500000     
   133517.691875000     
   135088.488250000     
   136659.284625000     
   138230.081000000     
   139800.877375000     
   141371.673750000     
   142942.470125000     
   144513.266500000     
   146084.062875000     
   147654.859250000     
   149225.655625000     
   150796.452000000     
   152367.248375000     
   153938.044750000     
   155508.841125000     
   157079.637500000     
   158650.433875000     
   160221.230250000     
   161792.026625000     
   163362.823000000     
   164933.619375000     
   166504.415750000     
   168075.212125000     
   169646.008500000     
   171216.804875000     
   172787.601250000     
   174358.397625000     
   175929.194000000     
   177499.990375000     
   179070.786750000     
   180641.583125000     
   182212.379500000     
   183783.175875000     
   185353.972250000     
   186924.768625000     
   188495.565000000     
   190066.361375000     
   191637.157750000     
   193207.954125000     
   194778.750500000     
   196349.546875000     
   197920.343250000     
   199491.139625000     
   201061.936000000     
   202632.732375000     
   204203.528750000     
   205774.325125000     
   207345.121500000     
   208915.917875000     
   210486.714250000     
   212057.510625000     
   213628.307000000     
   215199.103375000     
   216769.899750000     
   218340.696125000     
   219911.492500000     
   221482.288875000     
   223053.085250000     
   224623.881625000     
   226194.678000000     
   227765.474375000     
   229336.270750000     
   230907.067125000     
   232477.863500001     
   234048.659875001     
   235619.456250001     
   237190.252625001     
   238761.049000001     
   240331.845375001     
   241902.641750001     
   243473.438125001     
   245044.234500001     
   246615.030875001     
   248185.827250001     
   249756.623625001     
   251327.420000001     
   252898.216375001     
   254469.012750001     
   256039.809125001     
   257610.605500001     
   259181.401875001     
   260752.198250001     
   262322.994625001     
   263893.791000001     
   265464.587375001     
   267035.383750001     
   268606.180125000     
   270176.976500000     
   271747.772875000     
   273318.569250000     
   274889.365625000     
   276460.162000000     
   278030.958375000     
   279601.754750000     
   281172.551125000     
   282743.347500000     
   284314.143875000     
   285884.940250000     
   287455.736625000     
   289026.533000000     
   290597.329375000     
   292168.125750000     
   293738.922125000     
   295309.718500000     
   296880.514875000     
   298451.311250000     
   300022.107625000     
   301592.904000000     
   303163.700375000     
   304734.496750000     
   306305.293125000     
   307876.089500000     
   309446.885875000     
   311017.682250000     
   312588.478625000     
   314159.275000000     
   315730.071375000     
   317300.867750000     
   318871.664125000     
   320442.460500000     
   322013.256875000     
   323584.053250000     
   325154.849625000     
   326725.646000000     
   328296.442375000     
   329867.238750000     
   331438.035125000     
   333008.831500000     
   334579.627874999     
   336150.424249999     
   337721.220624999     
   339292.016999999     
   340862.813374999     
   342433.609749999     
   344004.406124999     
   345575.202499999     
   347145.998874999     
   348716.795249999     
   350287.591624999     
   351858.387999999     
   353429.184374999     
   354999.980749999     
   356570.777124999     
   358141.573499999     
   359712.369874999     
   361283.166249999     
   362853.962624999     
   364424.758999999     
   365995.555374999     
   367566.351749999     
   369137.148124999     
   370707.944499999     
   372278.740874999     
   373849.537249999     
   375420.333624999     
   376991.129999999     
   378561.926374999     
   380132.722749999     
   381703.519124999     
   383274.315499999     
   384845.111874999     
   386415.908249999     
   387986.704624999     
   389557.500999999     
   391128.297374999     
   392699.093749999     
   394269.890124999     
   395840.686499999     
   397411.482874999     
   398982.279249999     
   400553.075624998     
   402123.871999998     
   403694.668374998     
   405265.464749998     
   406836.261124998     
   408407.057499998     
   409977.853874998     
   411548.650249998     
   413119.446624998     
   414690.242999998     
   416261.039374998     
   417831.835749998     
   419402.632124998     
   420973.428499998     
   422544.224874998     
   424115.021249998     
   425685.817624998     
   427256.613999998     
   428827.410374998     
   430398.206749998     
   431969.003124998     
   433539.799499998     
   435110.595874998     
   436681.392249998     
   438252.188624998     
   439822.984999998     
   441393.781374998     
   442964.577749998     
   444535.374124998     
   446106.170499998     
   447676.966874998     
   449247.763249998     
   450818.559624998     
   452389.355999998     
   453960.152374998     
   455530.948749998     
   457101.745124998     
   458672.541499998     
   460243.337874998     
   461814.134249998     
   463384.930624998     
   464955.726999998     
   466526.523374997     
   468097.319749997     
   469668.116124997     
   471238.912499997     
   472809.708874997     
   474380.505249997     
   475951.301624997     
   477522.097999997     
   479092.894374997     
   480663.690749997     
   482234.487124997     
   483805.283499997     
   485376.079874997     
   486946.876249997     
   488517.672624997     
   490088.468999997     
   491659.265374997     
   493230.061749997     
   494800.858124997     
   496371.654499997     
   497942.450874997     
   499513.247249997     
   501084.043624997     
   502654.839999997     
   504225.636374997     
   505796.432749997     
   507367.229124997     
   508938.025499997     
   510508.821874997     
   512079.618249997     
   513650.414624997     
   515221.210999997     
   516792.007374997     
   518362.803749997     
   519933.600124997     
   521504.396499997     
   523075.192874997     
   524645.989249997     
   526216.785624997     
   527787.581999997     
   529358.378374997     
   530929.174749997     
   532499.971124997     
   534070.767499997     
   535641.563874997     
   537212.360249997     
   538783.156624997     
   540353.952999997     
   541924.749374997     
   543495.545749997     
   545066.342124997     
   546637.138499997     
   548207.934874997     
   549778.731249997     
   551349.527624997     
   552920.323999997     
   554491.120374997     
   556061.916749997     
   557632.713124997     
   559203.509499997     
   560774.305874997     
   562345.102249997     
   563915.898624997     
   565486.694999998     
   567057.491374998     
   568628.287749998     
   570199.084124998     
   571769.880499998     
   573340.676874998     
   574911.473249998     
   576482.269624998     
   578053.065999998     
   579623.862374998     
   581194.658749998     
   582765.455124998     
   584336.251499998     
   585907.047874998     
   587477.844249998     
   589048.640624998     
   590619.436999998     
   592190.233374998     
   593761.029749998     
   595331.826124998     
   596902.622499998     
   598473.418874998     
   600044.215249998     
   601615.011624998     
   603185.807999998     
   604756.604374998     
   606327.400749998     
   607898.197124998     
   609468.993499998     
   611039.789874999     
   612610.586249999     
   614181.382624999     
   615752.178999999     
   617322.975374999     
   618893.771749999     
   620464.568124999     
   622035.364499999     
   623606.160874999     
   625176.957249999     
   626747.753624999     
   628318.549999999     
   629889.346374999     
   631460.142749999     
   633030.939124999     
   634601.735499999     
   636172.531874999     
   637743.328249999     
   639314.124624999     
   640884.920999999     
   642455.717374999     
   644026.513749999     
   645597.310124999     
   647168.106499999     
   648738.902874999     
   650309.699249999     
   651880.495624999     
   653451.291999999     
   655022.088374999     
   656592.884750000     
   658163.681125000     
   659734.477500000     
   661305.273875000     
   662876.070250000     
   664446.866625000     
   666017.663000000     
   667588.459375000     
   669159.255750000     
   670730.052125000     
   672300.848500000     
   673871.644875000     
   675442.441250000     
   677013.237625000     
   678584.034000000     
   680154.830375000     
   681725.626750000     
   683296.423125000     
   684867.219500000     
   686438.015875000     
   688008.812250000     
   689579.608625000     
   691150.405000000     
   692721.201375000     
   694291.997750000     
   695862.794125000     
   697433.590500000     
   699004.386875000     
   700575.183250000     
   702145.979625001     
   703716.776000001     
   705287.572375001     
   706858.368750001     
   708429.165125001     
   709999.961500001     
   711570.757875001     
   713141.554250001     
   714712.350625001     
   716283.147000001     
   717853.943375001     
   719424.739750001     
   720995.536125001     
   722566.332500001     
   724137.128875001     
   725707.925250001     
   727278.721625001     
   728849.518000001     
   730420.314375001     
   731991.110750001     
   733561.907125001     
   735132.703500001     
   736703.499875001     
   738274.296250001     
   739845.092625001     
   741415.889000001     
   742986.685375001     
   744557.481750001     
   746128.278125001     
   747699.074500002     
   749269.870875002     
   750840.667250002     
   752411.463625002     
   753982.260000002     
   755553.056375002     
   757123.852750002     
   758694.649125002     
   760265.445500002     
   761836.241875002     
   763407.038250002     
   764977.834625002     
   766548.631000002     
   768119.427375002     
   769690.223750002     
   771261.020125002     
   772831.816500002     
   774402.612875002     
   775973.409250002     
   777544.205625002     
   779115.002000002     
   780685.798375002     
   782256.594750002     
   783827.391125002     
