   9999999959.04000     
   29979999877.2019     
   49959999795.3638     
   69939999713.5258     
   89919999631.6877     
   109899999549.850     
   129879999468.012     
   149859999386.173     
   169839999304.335     
   189819999222.497     
   209799999140.659     
   229779999058.821     
   249759998976.983     
   269739998895.145     
   289719998813.307     
   309699998731.469     
   329679998649.631     
   349659998567.793     
   369639998485.955     
   389619998404.116     
   409599998322.278     
   429579998240.440     
   449559998158.602     
   469539998076.764     
   489519997994.926     
   509499997913.088     
   529479997831.250     
   549459997749.412     
   569439997667.574     
   589419997585.736     
   609399997503.898     
   629379997422.059     
   649359997340.221     
   669339997258.383     
   689319997176.545     
   709299997094.707     
   729279997012.869     
   749259996931.031     
   769239996849.193     
   789219996767.355     
   809199996685.517     
   829179996603.679     
   849159996521.841     
   869139996440.002     
   889119996358.164     
   909099996276.326     
   929079996194.488     
   949059996112.650     
   969039996030.812     
   989019995948.974     
   1008999995867.14     
   1028979995785.30     
   1048959995703.46     
   1068939995621.62     
   1088919995539.78     
   1108899995457.95     
   1128879995376.11     
   1148859995294.27     
   1168839995212.43     
   1188819995130.59     
   1208799995048.76     
   1228779994966.92     
   1248759994885.08     
   1268739994803.24     
   1288719994721.40     
   1308699994639.57     
   1328679994557.73     
   1348659994475.89     
   1368639994394.05     
   1388619994312.21     
   1408599994230.38     
   1428579994148.54     
   1448559994066.70     
   1468539993984.86     
   1488519993903.02     
   1508499993821.19     
   1528479993739.35     
   1548459993657.51     
   1568439993575.67     
   1588419993493.83     
   1608399993412.00     
   1628379993330.16     
   1648359993248.32     
   1668339993166.48     
   1688319993084.64     
   1708299993002.81     
   1728279992920.97     
   1748259992839.13     
   1768239992757.29     
   1788219992675.46     
   1808199992593.62     
   1828179992511.78     
   1848159992429.94     
   1868139992348.10     
   1888119992266.27     
   1908099992184.43     
   1928079992102.59     
   1948059992020.75     
   1968039991938.91     
   1988019991857.08     
   2007999991775.24     
   2027979991693.40     
   2047959991611.56     
   2067939991529.72     
   2087919991447.88     
   2107899991366.05     
   2127879991284.21     
   2147859991202.37     
   2167839991120.53     
   2187819991038.69     
   2207799990956.86     
   2227779990875.02     
   2247759990793.18     
   2267739990711.34     
   2287719990629.50     
   2307699990547.66     
   2327679990465.83     
   2347659990383.99     
   2367639990302.15     
   2387619990220.31     
   2407599990138.47     
   2427579990056.64     
   2447559989974.80     
   2467539989892.96     
   2487519989811.12     
   2507499989729.28     
   2527479989647.44     
   2547459989565.61     
   2567439989483.77     
   2587419989401.93     
   2607399989320.09     
   2627379989238.25     
   2647359989156.42     
   2667339989074.58     
   2687319988992.74     
   2707299988910.90     
   2727279988829.06     
   2747259988747.22     
   2767239988665.39     
   2787219988583.55     
   2807199988501.71     
   2827179988419.87     
   2847159988338.03     
   2867139988256.19     
   2887119988174.36     
   2907099988092.52     
   2927079988010.68     
   2947059987928.84     
   2967039987847.00     
   2987019987765.17     
   3006999987683.33     
   3026979987601.49     
   3046959987519.65     
   3066939987437.81     
   3086919987355.98     
   3106899987274.14     
   3126879987192.30     
   3146859987110.46     
   3166839987028.62     
   3186819986946.78     
   3206799986864.95     
   3226779986783.11     
   3246759986701.27     
   3266739986619.43     
   3286719986537.59     
   3306699986455.75     
   3326679986373.92     
   3346659986292.08     
   3366639986210.24     
   3386619986128.40     
   3406599986046.56     
   3426579985964.73     
   3446559985882.89     
   3466539985801.05     
   3486519985719.21     
   3506499985637.37     
   3526479985555.53     
   3546459985473.70     
   3566439985391.86     
   3586419985310.02     
   3606399985228.18     
   3626379985146.34     
   3646359985064.51     
   3666339984982.67     
   3686319984900.83     
   3706299984818.99     
   3726279984737.15     
   3746259984655.31     
   3766239984573.48     
   3786219984491.64     
   3806199984409.80     
   3826179984327.96     
   3846159984246.12     
   3866139984164.29     
   3886119984082.45     
   3906099984000.61     
   3926079983918.77     
   3946059983836.93     
   3966039983755.09     
   3986019983673.26     
   4005999983591.42     
   4025979983509.58     
   4045959983427.74     
   4065939983345.90     
   4085919983264.07     
   4105899983182.23     
   4125879983100.39     
   4145859983018.55     
   4165839982936.72     
   4185819982854.88     
   4205799982773.04     
   4225779982691.20     
   4245759982609.37     
   4265739982527.53     
   4285719982445.69     
   4305699982363.85     
   4325679982282.01     
   4345659982200.18     
   4365639982118.34     
   4385619982036.50     
   4405599981954.66     
   4425579981872.83     
   4445559981790.99     
   4465539981709.15     
   4485519981627.31     
   4505499981545.47     
   4525479981463.64     
   4545459981381.80     
   4565439981299.96     
   4585419981218.12     
   4605399981136.29     
   4625379981054.45     
   4645359980972.61     
   4665339980890.77     
   4685319980808.93     
   4705299980727.10     
   4725279980645.26     
   4745259980563.42     
   4765239980481.58     
   4785219980399.75     
   4805199980317.91     
   4825179980236.07     
   4845159980154.23     
   4865139980072.39     
   4885119979990.56     
   4905099979908.72     
   4925079979826.88     
   4945059979745.04     
   4965039979663.21     
   4985019979581.37     
   5004999979499.53     
   5024979979417.69     
   5044959979335.86     
   5064939979254.02     
   5084919979172.18     
   5104899979090.34     
   5124879979008.50     
   5144859978926.67     
   5164839978844.83     
   5184819978762.99     
   5204799978681.15     
   5224779978599.32     
   5244759978517.48     
   5264739978435.64     
   5284719978353.80     
   5304699978271.96     
   5324679978190.13     
   5344659978108.29     
   5364639978026.45     
   5384619977944.61     
   5404599977862.78     
   5424579977780.94     
   5444559977699.10     
   5464539977617.26     
   5484519977535.42     
   5504499977453.59     
   5524479977371.75     
   5544459977289.91     
   5564439977208.07     
   5584419977126.24     
   5604399977044.40     
   5624379976962.56     
   5644359976880.72     
   5664339976798.88     
   5684319976717.05     
   5704299976635.21     
   5724279976553.37     
   5744259976471.53     
   5764239976389.70     
   5784219976307.86     
   5804199976226.02     
   5824179976144.18     
   5844159976062.34     
   5864139975980.51     
   5884119975898.67     
   5904099975816.83     
   5924079975734.99     
   5944059975653.16     
   5964039975571.32     
   5984019975489.48     
   6003999975407.64     
   6023979975325.81     
   6043959975243.97     
   6063939975162.13     
   6083919975080.29     
   6103899974998.45     
   6123879974916.62     
   6143859974834.78     
   6163839974752.94     
   6183819974671.10     
   6203799974589.27     
   6223779974507.43     
   6243759974425.59     
   6263739974343.75     
   6283719974261.92     
   6303699974180.08     
   6323679974098.24     
   6343659974016.40     
   6363639973934.56     
   6383619973852.73     
   6403599973770.89     
   6423579973689.05     
   6443559973607.21     
   6463539973525.38     
   6483519973443.54     
   6503499973361.70     
   6523479973279.86     
   6543459973198.02     
   6563439973116.19     
   6583419973034.35     
   6603399972952.51     
   6623379972870.67     
   6643359972788.83     
   6663339972707.00     
   6683319972625.16     
   6703299972543.32     
   6723279972461.48     
   6743259972379.65     
   6763239972297.81     
   6783219972215.97     
   6803199972134.13     
   6823179972052.29     
   6843159971970.46     
   6863139971888.62     
   6883119971806.78     
   6903099971724.94     
   6923079971643.11     
   6943059971561.27     
   6963039971479.43     
   6983019971397.59     
   7002999971315.76     
   7022979971233.92     
   7042959971152.08     
   7062939971070.24     
   7082919970988.40     
   7102899970906.57     
   7122879970824.73     
   7142859970742.89     
   7162839970661.05     
   7182819970579.22     
   7202799970497.38     
   7222779970415.54     
   7242759970333.70     
   7262739970251.87     
   7282719970170.03     
   7302699970088.19     
   7322679970006.35     
   7342659969924.51     
   7362639969842.68     
   7382619969760.84     
   7402599969679.00     
   7422579969597.16     
   7442559969515.33     
   7462539969433.49     
   7482519969351.65     
   7502499969269.81     
   7522479969187.97     
   7542459969106.14     
   7562439969024.30     
   7582419968942.46     
   7602399968860.62     
   7622379968778.79     
   7642359968696.95     
   7662339968615.11     
   7682319968533.27     
   7702299968451.43     
   7722279968369.60     
   7742259968287.76     
   7762239968205.92     
   7782219968124.08     
   7802199968042.25     
   7822179967960.41     
   7842159967878.57     
   7862139967796.73     
   7882119967714.89     
   7902099967633.06     
   7922079967551.22     
   7942059967469.38     
   7962039967387.54     
   7982019967305.71     
   8001999967223.87     
   8021979967142.03     
   8041959967060.19     
   8061939966978.35     
   8081919966896.52     
   8101899966814.68     
   8121879966732.84     
   8141859966651.00     
   8161839966569.17     
   8181819966487.33     
   8201799966405.49     
   8221779966323.65     
   8241759966241.81     
   8261739966159.98     
   8281719966078.14     
   8301699965996.30     
   8321679965914.46     
   8341659965832.63     
   8361639965750.79     
   8381619965668.95     
   8401599965587.11     
   8421579965505.27     
   8441559965423.44     
   8461539965341.60     
   8481519965259.76     
   8501499965177.92     
   8521479965096.09     
   8541459965014.25     
   8561439964932.41     
   8581419964850.57     
   8601399964768.73     
   8621379964686.90     
   8641359964605.06     
   8661339964523.22     
   8681319964441.38     
   8701299964359.55     
   8721279964277.71     
   8741259964195.87     
   8761239964114.03     
   8781219964032.20     
   8801199963950.36     
   8821179963868.52     
   8841159963786.68     
   8861139963704.84     
   8881119963623.01     
   8901099963541.17     
   8921079963459.33     
   8941059963377.49     
   8961039963295.66     
   8981019963213.82     
   9000999963131.98     
   9020979963050.14     
   9040959962968.30     
   9060939962886.47     
   9080919962804.63     
   9100899962722.79     
   9120879962640.95     
   9140859962559.12     
   9160839962477.28     
   9180819962395.44     
   9200799962313.60     
   9220779962231.76     
   9240759962149.93     
   9260739962068.09     
   9280719961986.25     
   9300699961904.41     
   9320679961822.58     
   9340659961740.74     
   9360639961658.90     
   9380619961577.06     
   9400599961495.22     
   9420579961413.39     
   9440559961331.55     
   9460539961249.71     
   9480519961167.87     
   9500499961086.04     
   9520479961004.20     
   9540459960922.36     
   9560439960840.52     
   9580419960758.69     
   9600399960676.85     
   9620379960595.01     
   9640359960513.17     
   9660339960431.33     
   9680319960349.50     
   9700299960267.66     
   9720279960185.82     
   9740259960103.98     
   9760239960022.14     
   9780219959940.31     
   9800199959858.47     
   9820179959776.63     
   9840159959694.79     
   9860139959612.96     
   9880119959531.12     
   9900099959449.28     
   9920079959367.44     
   9940059959285.61     
   9960039959203.77     
   9980019959121.93     
